lastAccountName: juliberry
timestamps:
  login: 1617873601778
  logout: 1617873751462
ipAddress: 94.224.41.79
lastlocation:
  world: world
  x: 209.0812315258615
  y: 77.86628689819797
  z: 29.917215444265636
  yaw: -78.11573
  pitch: 51.148792
logoutlocation:
  world: world
  x: 228.51994585669314
  y: 76.31183032185174
  z: 31.455825979999048
  yaw: -46.94986
  pitch: 33.3
