lastAccountName: WHY
timestamps:
  login: 1617893202976
  logout: 1617893277319
ipAddress: 192.168.1.65
lastlocation:
  world: world
  x: 201.5
  y: 83.0
  z: 33.5
  yaw: 0.0
  pitch: 0.0
logoutlocation:
  world: world
  x: 211.98302392099401
  y: 76.0
  z: 37.96065022807906
  yaw: -171.03467
  pitch: 18.394358
