lastAccountName: AttilaRo114
timestamps:
  login: 1617893170683
  logout: 1617893971736
ipAddress: 92.114.82.209
lastlocation:
  world: world
  x: 234.27531600495647
  y: 76.10408037809304
  z: 21.277542685799276
  yaw: -172.71606
  pitch: 18.279016
