timestamps:
  logout: 1617879008531
  login: 1617876935136
logoutlocation:
  world: world
  x: 231.71570533716982
  y: 79.23981944016288
  z: 33.86703886322508
  yaw: 30.197021
  pitch: 45.670807
lastAccountName: TheKornelBoss45k
ipAddress: 94.248.175.122
lastlocation:
  world: world
  x: 232.93801165518698
  y: 78.49064323361056
  z: 28.633024511410227
  yaw: 46.45764
  pitch: 24.292576
