lastAccountName: CeMrK
timestamps:
  login: 1617880474470
  logout: 1617880544420
ipAddress: 91.83.34.251
lastlocation:
  world: world
  x: 215.08396928963646
  y: 85.16610926093821
  z: 40.98890091057315
  yaw: 25.166573
  pitch: 49.302517
logoutlocation:
  world: world
  x: 238.69999998807907
  y: 82.0
  z: 29.2659061366657
  yaw: 298.23926
  pitch: 54.73669
